[image]

width
640

height
480

[narrow_stereo]

camera matrix
454.563882 0.000000 326.204692
0.000000 454.228569 245.239003
0.000000 0.000000 1.000000

distortion
0.065967 -0.090825 -0.001092 0.000388 0.000000

rectification
1.000000 0.000000 0.000000
0.000000 1.000000 0.000000
0.000000 0.000000 1.000000

projection
459.364471 0.000000 326.602620 0.000000
0.000000 459.794678 244.787868 0.000000
0.000000 0.000000 1.000000 0.000000

D = [0.06596656553149724, -0.09082502109847423, -0.001092442175580831, 0.00038841396013096626, 0.0]
K = [454.5638817431004, 0.0, 326.2046919021203, 0.0, 454.228569286438, 245.23900259928052, 0.0, 0.0, 1.0]
R = [1.0, 0.0, 0.0, 0.0, 1.0, 0.0, 0.0, 0.0, 1.0]
P = [459.3644714355469, 0.0, 326.6026199881617, 0.0, 0.0, 459.794677734375, 244.78786788209982, 0.0, 0.0, 0.0, 1.0, 0.0]
# oST version 5.0 parameters


[image]

width
640

height
480

[narrow_stereo]

camera matrix
454.563882 0.000000 326.204692
0.000000 454.228569 245.239003
0.000000 0.000000 1.000000

distortion
0.065967 -0.090825 -0.001092 0.000388 0.000000

rectification
1.000000 0.000000 0.000000
0.000000 1.000000 0.000000
0.000000 0.000000 1.000000

projection
459.364471 0.000000 326.602620 0.000000
0.000000 459.794678 244.787868 0.000000
0.000000 0.000000 1.000000 0.000000

