image_width: 640
image_height: 480
camera_name: narrow_stereo
camera_matrix:
  rows: 3
  cols: 3
  data: [454.563882, 0, 326.204692, 0, 454.228569, 245.239003, 0, 0, 1]
distortion_model: plumb_bob
distortion_coefficients:
  rows: 1
  cols: 5
  data: [0.065967, -0.09082499999999999, -0.001092, 0.000388, 0]
rectification_matrix:
  rows: 3
  cols: 3
  data: [1, 0, 0, 0, 1, 0, 0, 0, 1]
projection_matrix:
  rows: 3
  cols: 4
  data: [459.364471, 0, 326.60262, 0, 0, 459.794678, 244.787868, 0, 0, 0, 1, 0]